
2348036071256
8036621654
8133296048
9099994411
8037725355
8116973540
7061934301
7065055447
9040358384
7030031100
8104254244
8038387310
8065226529
7066888888
8108388572
8031324953
7063853998
8033573310
8035046190
7038510641
7069050123
8033156532
7066102070
8033319327
8034348312
8062660437
8108052860
9130223433
8061627001
8130202727
8036052607
7035081938
8033710053
8036542045
8065501160
7064300036
7065961117
7066982261
8066574721
7046241200
7044662277
8032818145
8065557566
7039551262
7036766744
7067744617
8037872485
7036556766
8063314541
8060617551
8036068613
8038069427
8135602846
8038083668
8036132553
8164944963
8037023240
7033336368
7030253161
7036683481
7064364111
8172446004
8164973576
8068986595
8033009999
8035694249
8162789099
8069756079
8064881350
8069756034
8036962047
8065282609
8069756174
8035738315
7061972999
8030427531
7040625156
8034631009
8139421357
7032232439
8067696054
8065555086
8067049096
8076334607
7069339246
8061572067
8136639281
7067927770
8033281779
8135180439
8069766947
8068046831
8132588613
9035379776
8134423739
7068046831
8066296467
8066296467
8067902826
8064185884
7032176619
8065743974
7035699706
7066311921
8069766918
8138984900
8035264503
8064468047
7039336168
8137858739
7033339647
8104188801
7031855819
8138201038
7037505081
8161704174
7031181026
8066514196
8061625494
7033401569
8064530457
7036214301
7067955532
8164401414
8132063105
8067651743
8133016301
9032770575
7063563060
7035027898
8038176247
8116973540
9092964193
8133698244
8033097604
7017524559
7066553425
7030362159
8064611016
7067666485
7067998674
8037875650
7032103242
8057755771
8030672661
7030352005
8036424375
8037244115
8035782692
8035552334
7043242222
8060646761
7032157372
8164388845
8165376297
7032672621
8032907239
8033497330
8065555086
8063393336
8034081119
9092014592
8036489706
8032699307
7039035150
9032557629
8033094871
7038313428
8036786502
8035867248
8149181445
8034233251
8069437000
8033111177
8030835054
8069227216
8065401039
8037886165
8035801747
8030691202
8034274618
8038087850
8169752285
9131313793
8033780608
8063612301
8148275001
8066471341
8060824876
7068779023
8068986595
8035951604
8033116127
8032804849
8166914292
7034890887
8060822228
7036112948
8067705397
8037874943
7039796002
8033437490
8060844766
8033687709
8033763248
8069404779
7038207999
8037183449
8065030786
8066098775
8037021784
8060676483
8036315470
8030639888
7065855594
8038008999
8033155496
8033355129
8068870900
8034113833
8036087567
7062222550
8036554131
8066166101
8032884000
8035980683
8037616653
8034243755
8036833471
8036200332
8035930069
7046541198
8065702688
8039638785
8036222268
8036954783
8038282701
8131742816
8038833243
8033771111
8036011603
8064666766
8066298464
8033156286
8050932540
8058871205
8054094694
8054427751
8052298897
8155555596
7054960082
8056567864
8024476879
8085588371
9023343817
7086694913
9099887700
9086060606
8087820007
8028911445
8027607125
7026444858
8023561009
9085151661
8098053803
8093614128
8129318215
8165619703
8037862621
8092964193
8032550921
8143486936
9092920140
8068588387
7038254444
7063680736
7060551457
7060949711
9092555550
8093632503
7032222406
8166115072
8039935533
8036353615
8036303797
8036515873
7037073108
8038433917
8065500142
8035082428
8037864002
8134485110
8167954296
7059000464
9030989912
8034179694
8033086723
8099997333
7039439938
8188887721
7044578888
8035989993
9133111869
9033256003
8109379287
8032304060
9060511124
7068879683
8100160856
8035928754
7034610217
8132576720
8038386864
8090739577
8034344664
7033488038
8069135033
8038381636
8065702782
9030773423
8066252332
8120323037
9092277388
8177286951
8129273052
8091226148
7050662931
8146125863
7037505220
8064719991
7063411067
08060864251
08035257096
08168470774
07035979970
08131524052
08178722126
07039893946
07083101267
08069281190
07036986038
08143962431
08100053559
08074771742
08065665938
08067884411
08063523304
07068232166
08026627152
08032842928
08074555763
08102882499
08083413838
08093727474
08138761462
08078588222
07060438770
08034421808
08167578053
07032639373
08131090123
08066110976
08060944478
08065095850
09057260002
08069400370
09168557075
08039295049
07052456061
08062401653
08051113747
07034320588
08098292479
08061110721
07085511850
08132552109
09050562924
08055444875
08145125003
08060452595
08034581464
08071282549
08035432974
08030657571
08038111833
08189385157
08020504415
08067432739
09133099285
07065102248
07089725629
08039596318
08065159544
08130354073
08176613831
09133678154
09030500132
08075851155
08066316694
07041060640
08085633369
07034435570
08063748412
07063150949
08142192711
07036292885
08135648995
07059480270
08127149178
07064718457
07065107954
08163622755
08066618452
08133067739
08032989294
09035513359
08062139597
08131266239
07036873471
08134239253
09074140918
08062446344
08133264655
09154581411
07038537798
08066330662
08065446670
08184288079
08164551334
08137943618
08130367875
08061204287
08154345664
08036472035
07063164150
08076219650
08121155572
07060566247
08079588093
08038459459
07030935455
07064943641
07068157321
09039118370
08144480426
08068945823
08091641200
08032880477
08101975531
08065174278
08056456752
08038021209
07069450987
08032871537
08163173408
07087390429
08073317879
08028408016
08152902376
08086486183
08129824443
07034270500
07038161619
08167561863
08169626167
07033676708
08069106699
08065146247
07037638914
08068648379
08067310393
07054186159
08063873680
08164394373
08135868931
08024929509
08036797917
07031572836
08152467428
08119293618
08171220304
08142133194
08130359007
08111663808
08121916834
07038233326
08182960878
08062137003
08154847202
09039045513
09023768993
08068374078
09073643013
09057854418
09057994198
07056390585
08133093169
09150855343
08173524148
08132637589
08092258250
08167255651
07039813730
08100984765
08082580662
09022091712
08039762461
08026214813
08130753366
09030565884
07068284911
09071443509
09023125751
08064285635
09097074325
08037407409
07036365828
08027014256
07035194561
08113623561
09075152366
07060901491
08145793662
08064669259
09022914425
08064555830
08138915015
08066034133
08147172534
08078570739
09077756234
08132880424
08181791653
08038731477
07036000188
08067594606
07031007278
08065257598
08057591133
08121838977
08146473703
08039519770
09038017669
08069305059
07010707502
08084588143
07064895553
07057077758
08138937738
07052518171
08064467920
08183852128
07065378145
07034807686
07055490587
08065867724
08095406666
08069440342
07062509597
08108408499
08131811568
08125825754
08063719996
08035856357
08069522688
08076649329
08162965726
07033887191
08169549411
09038390452
08149421623
07039020594
07030336839
07061057166
08065025275
09039556710
08036300865
08097430939
08038710850
08171239692
08096064656
08188894809
08168894060
07036805658
08030934895
08166959295
07066007588
07032681473
09053788041
08067010528
08052904224
07031103829
07039383803
08065639092
08079326040
08031908437
08078244811
08031570033
08065296047
08036402351
07068311125
08064865625
08030883193
08036898451
08064611148
08166923012
08038545658
08087391346
07065913199
07034758635
07032637174
08036304990
08069216613
08132128082
08100821678
08128231633
08069436869
08135687818
07064155662
09025979384
08078100447
08027778212
07061716374
08136037847
08104942027
07038357852
07039843421
08133666773
07034932822
08021116260
08059077852
08094521688
08030840204
08110441962
07030832408
09068168748
08061207298
08143569234
09022686706
08148605894
07030173448
09072708351
08129249426
07065186145
08169360537
08071637924
08092429196
08055970945
08138202440
07036331749
07060659258
08050531973
08078657038
08147648578
08175299743
08172746009
08142557012
08053159724
07036468657
08065892229
08149814019
09015166375
07035850453
08099065724
08059816227
08038927602
09038503201
08119762774
08166682138
08065011762
09069954694
08103322240
08179106898
07036919746
07030316073
08136482983
08101587940
08035417978
09043789707
08099378509
08178135296
09061440065
07066448271
07044999116
08034267868
09039402142
07068706562
08065318407
08032352907
08038120486
08062710110
08167811069
08139442261
07026046885
07038108133
07063778122
08109057263
07045852220
09012778923
07032112364
08063753272
08065624877
08135337100
08035144384
08189811480
08185780664
08142489905
08062481444
07068004849
08065138533
08037945846
07059628262
09080256328
08137601207
08064119270
08068239782
09058604977
08125408112
08134130302
08053466709
08054775005
08055963397
08035862439
08148756521
08036505782
08131559198
09064162548
09038332953
08056797233
07061123089
08146374505
08098892851
08065860203
08081251284
08188719703
08057262064
07035249923
09024299990
08175603574
08071590331
08149423208
09097327285
08065926641
09169027290
08063499086
07061197903
08102877047
07054242859
07067144665
09024036189
08139909930
09097525366
07035839552
08057949900
07068496785
08063123644
07036171741
07035876737
07063349930
08135308600
07061951560
08077320788
08064659632
08052121247
08065542083
08097187070
07063127140
08155071370
08130303342
08036236580
08065505339
08096900697
07068197954
08141271636
08028606376
07033648820
0903306955
08116655523
08063933052
09068873478
08038514889
08165559817
08133286935
08028451708
07069121865
08058303501
09091587532
07063736784
08138933066
07036027505
08023907202
08163576617
08063306891
07069121865
08136576145
08101827116
08087821385
07037674296
07036752499
08036127295
07057869504
08058162006
08116647434
080359977353
08147698221
08062218592
07065905166
08155712164
07065714141
08139535033
08103838439
08071014464
08167679505
08166527736
08100158150
09054448691
08064862804
08188480003
08106576094
07067814718
09034500520
08032586851
07053661455
07033991433
08154972131
09026121244
08171556135
08095062065
08073679596
08105461280
08053466004
08168848943
08160923392
08066987043
08102602209
08163637409
08079506669
08033209163
09060107189
07052883316
08032916871
08022694794
08038123853
08051319701
09062117661
07035620527
07036421854
08035525177
09033820777
09057984467
08079117290
09011216923
08139124659
07067533861
09031388877
07043388625
08101667393
09061881754
07067076881
08176883381
08036469618
08070527771
08103631858
08039665764
07066723914
08130312173
08161729315
08109152127
08095178952
09123553426
07068238773
07065933305
08073811768
08144802797
09032920602
08127985399
08037010830
08035031825
08107726660
08038129229
08036342109
08035128689
08131208863
08154950512
08163866558
08060139586
09064140931
07063134179
07038000602
08027057368
07088966181
07066859698
08072233078
08100698958
07068956620
07063116049
08165431119
08063409968
08167844411
08116647681
08038728918
08168066893
08142505372
08053841240
09166865351
08075067288
09038320751
09011440516
09062158101
08140048280
08062313695
09096982641
08130626506
08144680884
08050693956
09054287984
08148478909
0809396769
08063582189
09039506234
08094434378
07035463346
07069185363
08054343734
09162787975
08036067809
08036520116
08112503103
08181534032
09126413253
09136037227
09051463256
08072178952
08076224673
07056278762
08124341213
08074655652
09020996648
08097515897
08052838229
07016792968
07058099650
08035118639
09020547811
07033443254
09073382216
07036277712
09041414838
08077321346
08059137984
08060683009
08038959507
08066349598
08120206981
07039544364
09032400216
08058507850
07061908834
07033942459
08033518444
09065054054
08103623796
08148589602
07059096775
08051894483
07060685387
08166937957
08124058506
08064003996
08036223322
08062418534
08062395456
08069166098
08030593564
08165768623
08133423565
09056586952
08064987750
08163698620
08034275084
09034246603
08039370026
08174045091
08136694639
08075232957
08051110322
08055805999
08138825469
08065813238
07031042723
08051616949
07030327181
08165769119
08105588377
08038984803
07037712646
07039195091
07064337739
08100104453
08167811478
08121371000
08103498810
07035136405
07037396392
08189344347
07036189345
08138772591
08105952083
08144090823
08163201645
08167393724
08096029714
08035599774
08160956887
08168046655
09055779479
08036040209
08035152843
08169446580
08100075630
08069195419
08034537438
08141892545
08166753322
08032829670
08189710344
08102047386
08037720581
08187810793
08168900508
08092642101
08072318130
08174034225
08167630355
08161765151
08122143084
08065435746
08038674540
08069314416
08138848088
08022986262
08093286673
07065200649
08067497093
07069237619
08187797775
08035043423
08132505822
08167617507
08035931505
07034993223
08039325712
07081275754
09078219256
08069319527
07038505034
07067027451
08036824177
07065743581
08065239703
07085412605
08036800979
07037862286
08066699050
08120509081
08066141543
08063588755
08134591243
07033306858
07032698922
07067418518
07066026357
07034939013
08167096488
08098587245
07062233430
08164131441
08036067229
08030637172
07010536976
09133166626
08069476073
07035601170
08064443269
08173614269
08064058272
08133090937
08068565315
07066034341
08060255406
08038145358
09064589528
07033268503
09061596217
09064200771
08063653870
08032527444
07039469885
08067184655
08037627696
08064598300
07032526475
08055510570
07030546901
08066357443
09052915062
08162217682
